0000130000000000
0000000000000000
0000040000000000
0000000000000000
0000160000000000
0000000000000000
0000170000000000
0000000000000000
0000080000000000
0000000000000000
0000050000000000
0000000000000000
00000c0000000000
0000000000000000
0000110000000000
0000000000000000
0000060000000000
0000000000000000
0000120000000000
0000000000000000
0000100000000000
0000000000000000
0000380000000000
0000000000000000
0200000000000000
0200080000000000
0200000000000000
0200190000000000
0200000000000000
0000000000000000
0200000000000000
02000a0000000000
0200000000000000
0000000000000000
00000b0000000000
0000000000000000
0000170000000000
0000000000000000
0200000000000000
0200140000000000
0200000000000000
0000000000000000
00002a0000000000
0000000000000000
0000140000000000
0000000000000000
00002a0000000000
0000000000000000
00002a0000000000
0000000000000000
0000170000000000
0000000000000000
0000140000000000
0000000000000000
0200000000000000
02000e0000000000
0200000000000000
0000000000000000
0200000000000000
0200140000000000
0200000000000000
0000000000000000
